
# Please make this file available to others
# by sending it to <lirc@bartelmus.de>
#
# this config file was automatically generated
# using lirc-0.9.0-pre1(default) on Fri Mar 25 12:22:58 2016
#
# contributed by 
#
# brand:                       apple_remote
# model no. of remote control: 
# devices being controlled by this remote:
#

begin remote

  name  apple_remote
  flags RAW_CODES|CONST_LENGTH
  eps            30
  aeps          100

  gap          107259

      begin raw_codes

          name up
             9087    4510     535     558     566    1664
              566    1687     567    1645     582     560
              566    1640     589    1663     566    1664
              567    1668     562    1638     591    1638
              592     533     592     558     573     528
              592     533     598    1656     566     535
              592    1660     571     557     567    1661
              569     532     599     550     569     553
              573     533     592     532     594    1636
              594     554     572    1659     577    1629
              594     556     569    1637     593    1653
              593

          name down
             9053    4467     569     597     527    1662
              565    1670     559    1661     569     597
              527    1698     530    1661     567    1696
              531    1661     567    1698     530    1662
              567     587     538     603     521     558
              567     597     527    1663     567     596
              528     597     528    1697     532    1697
              530     597     527     597     527     640
              484     598     527     597     528    1662
              574     589     529    1661     566    1663
              566     558     567    1661     568    1683
              560

          name left
             9139    4444     592     560     564    1663
              568    1660     570    1660     570     557
              565    1671     557    1640     593    1661
              569    1660     568    1660     568    1660
              569     556     567     559     567     558
              567     558     569    1637     589    1669
              561     557     569     556     567    1662
              569     556     575     550     569     556
              568     557     567     564     562    1661
              568     557     567    1661     569    1660
              568     556     568    1646     584    1674
              570

          name right
             9109    4469     567     558     567    1661
              568    1668     580    1640     570     556
              568    1660     568    1661     567    1667
              562    1661     567    1661     568    1660
              568     558     568     592     540     583
              534     594     531    1661     567     571
              554    1661     569    1660     575     587
              531     557     568     557     567     558
              568     597     528     639     486    1661
              568     639     487    1659     569    1662
              568     595     529    1660     568    1710
              534

          name center
             9085    4468     569     557     568    1661
              568    1661     569    1660     570     556
              576    1654     569    1659     569    1661
              569    1661     568    1660     570    1661
              568     557     569     556     568     557
              568     591     535    1660     575     551
              568     557     569    1661     568    1661
              568    1662     569     556     575    1654
              569     558     568     588     536    1662
              569     556     569    1661     575    1655
              569     557     569    1660     568    1677
              570

          name menu
             9102    4448     592     557     568    1659
              566    1660     569    1658     567     557
              567    1659     568    1658     569    1658
              567    1660     569    1658     575    1652
              568     556     567     592     532     557
              568     557     568    1660     568    1667
              561    1660     571     555     568     558
              568     557     567     590     534     590
              537     590     540     583     535    1661
              567     593     533    1659     570    1658
              570     556     575    1653     570    1675
              570

          name pause
             9063    4467     569     557     568    1704
              524    1662     567    1661     567     641
              485    1660     567    1705     524    1697
              531    1661     568    1660     569    1661
              567     603     521     597     528     597
              528     597     528    1660     569    1661
              568    1667     561    1662     568    1660
              568    1661     567     597     528    1667
              562     596     528     559     567    1661
              568     596     528    1661     566    1708
              521     599     526    1701     530    1714
              526

      end raw_codes

end remote
